#stab einseitig eingespannt, Messing rund, Gewicht_Last=520.9g; runder Stab mit D=10mm, Gewicht_Stab=360.5g, Länge_Stab=55cm
#Messpunkt D_0(x) in mm  D(x) in mm
0   0.50    0.58
1   0.46    0.55
2   0.45    0.57
3   0.41    0.60
4   0.40    0.62
5   0.37    0.62
6   0.33    0.69
7   0.33    0.74
8   0.32    0.82
9   0.31    0.89
10  0.31    0.94
11  0.32    1.02
12  0.32    1.10
13  0.31    1.23
14  0.34    1.29
15  0.30    1.39
16  0.31    1.51
17  0.31    1.70
18  0.32    1.78
19  0.33    1.88
20  0.37    2.00
21  0.37    2.13
22  0.39    2.29
23  0.43    2.41
24  0.43    2.55
25  0.45    2.72
26  0.47    2.87
27  0.49    3.04
28  0.53    3.21
29  0.53    3.34
30  0.56    3.47
31  0.56    3.62
32  0.57    3.80
33  0.58    3.97
34  0.61    4.15
35  0.63    4.31
36  0.65    4.48
37  0.68    4.64
38  0.74    4.80
39  0.74    5.07
40  0.79    5.16
41  0.80    5.33
42  0.85    5.51
43  0.91    5.70
44  0.92    5.95
45  0.97    6.08
46  1.02    6.29
