# abstand d. Lichtschranken, 20cm,
#Immer #Gang, dann vorwärts, dann rückwärts
#6
39616
39488
39515
39550
39521
39838
39758
39808
39908
39820
#12
19704
19628
19762
19608
19764
19911
20019
20011
19895
19923
#18
13159
13160
13154
13169
13093
13321
13275
13272
13267
13289
#24
9855
9843
9862
9871
9893
9941
9984
10003
9999
9997
#30
7918
7907
7904
7895
7914
8241
8024
8017
7992
8001
#36
6564
6533
6559
6571
6561
6657
6667
6697
6686
6685
#42
5585
5609
5604
5605
5589
5709
5745
5743
5714
5732
#48
4903
4902
4891
4604
4880
4999
5014
5019
5002
5032
#54
4367
4350
4364
4371
4358
4462
4449
4445
4442
4460
#60
3920
3902
3931
3894
3902
3999
4115
4031
4027
4033
