#Wie bei der a (nur andere Reihenfolge :P) jeweils in Hz, jeweils jeder gang samt der 10 Messungen für Vorwärts und Rückwärts (eventuell sollten wir definitiv auch deren Geschwindigkeiten nehmen)
# Gang Messung vorwärts, messung rückwärts
6   16596 16596 16596 16596 16596 16591 16591 16592 16592 16592
12  16598 16599 16598 16599 16599 16588 16589 15589 16589 16589
18  16601 16601 16601 16601 16601 16586 16587 16587 16587 16586
24  16603 16604 16603 16603 16603 16584 16584 16584 16584 16584
30  16606 16606 16606 16606 16606 16581 16581 16582 16581 16582
36  16608 16608 16608 16608 16608 16579 16579 16579 16580 16579
42  16610 16610 16611 16610 16611 16577 16577 16577 16577 16577
48  16613 16613 16613 16613 16613 16574 16574 16574 16574 16575
54  16615 16615 16615 16615 16615 16572 16572 16572 16572 16572
60  16617 16618 16618 16618 16618 16569 16569 16570 16569 16569
