#Helmholtzspulen geht wahrscheinlich am einfachsten, die Werte per Array ins Programm zu ziehen

#Strom in A Periodendauer T in S
0.1 14.154
0.1    14.137
0.1    14.107
0.1    14.085
0.1    14.052
####################
0.2 12.143
0.2  12.106
0.2  12.080
0.2  12.045
0.2  12.013
####################
0.3 10.215
  0.3  10.186
  0.3  10.156
  0.3  10.131
  0.3  10.105
####################
0.4 8.893
0.4    8.882
0.4    8.856
0.4    8.845
0.4    8.821
###################
0.5 8.022
  0.5  7.997
  0.5  7.998
  0.5  7.972
  0.5  7.972
##################
0.6 7.359
0.6    7.344
0.6    7.327
0.6    7.333
0.6    7.341
##################
0.7 6.839
  0.7  6.840
  0.7  6.838
  0.7  6.834
  0.7  6.829
##################
0.8 6.389
  0.8  6.406
  0.8  6.396
0.8    6.403
0.8    6.409
#################
0.9 6.159
    0.9 6.067
    0.9 6.030
0.9     6.009
0.9     6.030
#################
1.0 5.861
1.0    5.820
1.0    5.698
1.0    5.619
1.0    5.656
