#stab einseitig eingespannt, wahrscheinlich Alu, Gewicht_Last=767.4g; quadratischer Stab mit L=B=10mm, Gewicht_Stab=167.1g, Länge Stab=60cm
Messpunkt D_0(x) in mm  D(x) in mm
0   1.00    1.05
1   0.97    1.06
2   0.93    1.05
3   0.91    1.07
4   0.89    1.08
5   0.86    1.12
6   0.85    1.15
7   0.86    1.23
8   0.88    1.33
9   0.94    1.46
10    1.02  1.60
11    1.09    1.75
12    1.14    1.90
13    1.22    2.08
14    1.30    2.27
15    1.40    2.47
16    1.48    2.66
17    1.58    2.88
18    1.68    3.11
19    1.79    3.33
20    1.90    3.52
21    2.02    3.78
22    2.11    4.01
23    2.21    4.22
24    2.31    4.48
25    2.42    4.70
26    2.51    4.95
27    2.62    5.21
28    2.72    5.46
29    2.84    5.70
30    2.93    5.96
31    3.06    6.23
32    3.14    6.55
33    3.31    6.74
34    3.34    7.01
35    3.45    7.33
36    3.56    7.57
37    3.67    7.86
38    3.78    8.13
39    3.89    8.40
40    3.99    8.70
41    4.13    8.98
42    4.22    9.23
43    4.36    9.53
44    4.47    9.82
45    4.57    10.02
