#stab beidseitig eingespannt, Stab wie in a) Gewicht_Last=4720.1g; wert 27 ist mitte mit 0.65/1.50
Messpunkt D_0(x) in mm  D(x) in mm
0   1.00    1.09
1   0.99    1.23
2   0.98    1.38
3   0.96    1.52
4   0.97    1.68
5   0.96    1.84
6   0.96    1.97
7   0.95    2.12
8   0.97    2.26
9   0.95    2.40
10  0.95    2.53
11  0.93    2.64
12  0.93    2.77
13  0.93    2.90
14  0.91    3.00
15  0.90    3.09
16  0.89    3.19
17  0.88    3.28
18  0.86    3.35
19  0.84    3.42
20  0.83    3.48
21  0.81    3.53
22  0.79    3.58
23  0.78    3.60
24  0.70    3.64
25  0.70    3.65
26  0.67    3.65
27  0.65    -----
28  1.48    4.41
29  1.46    4.38
30  1.44    4.34
31  1.41    4.29
32  1.40    4.22
33  1.38    4.15
34  1.35    4.06
35  1.33    3.96
36  1.31    3.85
37  1.28    3.73
38  1.26    3.61
39  1.23    3.49
40  1.25    3.37
41  1.18    3.25
42  1.17    3.10
43  1.15    2.95
44  1.14    2.80
45  1.12    2.64
46  1.11    2.49
47  1.09    2.34
48  1.08    2.19
49  1.09    2.02
50  1.06    1.85
51  1.05    1.70
52  1.05    1.54
