#Ug in Volt I in nA
-19.00    15
-17.50    14
-16.00    14
-14.50    14
-13.00    14
-11.50    13
-10.00    12
-9.00     12
-8.00     12
-7.00     11
-6.00     10
-5.00     9.0
-4.00     8.4
-3.00     6.9
-2.50     6.0
-2.00     5.1
-1.80     5.0
-1.60     4.8
-1.40     4.2
-1.20     3.8
-1.10     3.5
-1.00     3.2
-0.90     3.1
-0.80     2.9
-0.70     2.7
-0.60   2.4
-0.50   2.0
-0.40   1.8
-0.30   1.4
-0.20   1.1
-0.10   0.90
-0.01   0.6
0.01    0.50
0.10    0.24
0.15    0.14
0.20    0.08
0.25    0.04
0.30    0.02
0.35    0.00
