0
0
0
0
0
0
0
0
0
0
0
0
0
0
0
0
0
0
0
0
0
0
4432
0
0
0
0
0
0
0
0
0
0
0
0
0
0
0
0
0
0
0
0
0
3417
143
0
0
0
0
0
0
0
0
0
0
0
0
0
0
0
0
0
0
0
0
710
3546
0
0
0
0
0
0
0
0
0
0
0
0
0
0
0
0
0
0
0
0
0
4183
0
0
0
0
0
0
0
0
0
0
0
0
0
0
0
0
0
0
0
0
0
3657
0
0
0
0
0
0
0
0
0
0
0
0
0
0
0
0
0
0
0
0
0
5148
0
0
0
0
0
0
0
0
0
0
0
0
0
0
0
0
0
0
0
0
0
3805
0
0
0
0
0
0
0
0
0
0
0
0
0
0
0
0
0
0
0
0
0
3259
0
0
0
0
0
0
0
0
0
0
0
0
0
0
0
0
0
0
0
0
0
26001
0
0
0
0
0
0
0
0
0
0
0
0
0
0
0
0
0
0
0
0
0
0
0
0
0
0
0
0
0
0
0
0
0
0
0
0
0
0
0
0
0
0
0
0
0
0
0
0
0
0
0
0
0
0
0
0
0
0
0
0
0
0
0
0
0
0
0
0
0
0
0
0
0
0
0
0
0
0
0
0
0
0
0
0
0
0
0
0
0
0
0
0
0
0
0
0
0
0
0
0
0
0
0
0
0
0
0
0
0
0
0
0
0
0
0
0
0
0
0
0
0
0
0
0
0
0
0
0
0
0
0
0
0
0
0
0
0
0
0
0
0
0
0
0
0
0
0
0
0
0
0
0
0
0
0
0
0
0
0
0
0
0
0
0
0
0
0
0
0
0
0
0
0
0
0
0
0
0
0
0
0
0
0
0
0
0
0
0
0
0
0
0
0
0
0
0
0
0
0
0
0
0
0
0
0
0
0
0
0
0
0
0
0
0
0
0
0
0
0
0
0
0
0
0
0
0
0
0
0
0
0
0
0
0
0
0
0
0
0
0
0
0
0
0
0
0
0
0
0
0
0
0
0
0
0
0
0
0
0
0
0
0
0
0
0
0
0
0
0
0
0
0
0
0
0
0
0
0
0
0
0
0
0
0
0
0
0
0
0
0
0
0
0
0
0
0
0
0
0
0
0
0
0
0
0
0
0
0
0
0
0
0
