10
129
185
280
173
156
186
166
183
158
144
247
223
172
146
125
133
126
136
132
116
101
115
116
132
103
98
98
90
103
98
100
105
73
89
81
83
85
85
94
72
71
73
75
61
65
92
56
65
61
60
78
66
51
69
45
59
53
64
60
54
50
53
49
57
44
40
47
38
38
35
38
49
31
32
28
36
48
35
35
31
38
29
36
31
25
35
32
28
31
30
27
28
23
21
26
24
26
31
21
23
19
22
25
19
16
25
20
21
21
17
21
19
16
23
15
16
14
20
12
19
17
13
14
13
22
14
11
9
18
11
16
10
10
8
12
6
13
7
8
11
12
10
13
10
12
5
7
12
11
10
11
8
10
11
9
9
3
9
12
9
5
9
4
5
4
7
6
8
5
7
7
2
10
4
3
5
8
1
2
7
4
3
5
4
6
5
7
7
3
2
8
7
4
7
4
5
6
6
7
3
2
6
2
6
1
5
5
6
6
5
1
3
3
5
6
5
3
5
4
0
4
6
6
6
3
5
3
0
2
1
1
2
2
4
4
2
0
3
2
5
3
4
3
1
3
1
0
2
2
0
2
3
4
2
3
2
4
0
2
2
4
7
4
2
7
3
1
3
4
6
3
2
0
3
0
5
3
1
0
1
0
2
6
2
0
2
3
2
2
0
2
2
3
2
2
1
3
2
3
1
1
1
0
1
0
2
1
2
3
2
4
0
1
3
3
2
2
3
3
2
5
2
1
1
2
1
4
1
2
2
1
2
5
0
2
4
1
1
1
1
2
3
2
0
5
6
2
2
2
0
2
1
3
0
0
3
1
4
1
0
2
2
1
1
2
3
4
0
1
0
2
4
0
3
3
4
4
2
1
1
0
2
2
2
5
2
0
2
2
2
4
0
6
4
3
2
2
0
2
0
1
1
1
3
3
0
1
1
3
3
2
1
1
3
2
2
3
2
0
2
0
3
0
2
2
2
1
5
1
3
0
3
1
3
2
0
1
4
1
0
2
