#1/T
0.04166667
0.04
0.03846154
0.03703704
0.03571429
0.03448276
0.03333333
0.03225806
0.03125
0.03030303
0.02941176
0.02857143
0.02777778
0.02702703
0.02631579
0.02564103
0.025
0.02439024
0.02380952
0.02325581
0.02272727
0.02222222
0.02173913
0.0212766
0.02083333
0.02040816
0.02
0.01960784
0.01923077
0.01886792
0.01851852
0.01818182
0.01785714
0.01754386
0.01724138
0.01694915
0.01666667
0.01639344
0.01612903
0.01587302
0.015625
0.01538462
0.01515152
0.01492537
0.01470588
0.01449275
0.01428571
0.01408451
0.01388889
0.01369863
0.01351351
0.01333333
0.01315789
0.01298701
0.01282051
0.01265823
0.0125
0.01234568
0.01219512
0.01204819
0.01190476
0.01176471
0.01162791
0.01149425
0.01136364
0.01123596
0.01111111
0.01098901
0.01086957
0.01075269
0.0106383
0.01052632
0.01041667
0.01030928
0.01020408
0.01010101
0.01
