#ln(p)
-2.99573227
-2.88240359
-2.79688141
-2.7488722
-2.68824757
-2.6450754
-2.59026717
-2.55104645
-2.50103603
-2.46510402
-2.41911891
-2.3859667
-2.35387839
-2.31263543
-2.27302629
-2.23492644
-2.20727491
-2.17155683
-2.13707065
-2.11196473
-2.06356819
-2.01740615
-1.98777435
-1.95192822
-1.91732269
-1.89047544
-1.85150947
-1.81400508
-1.77195684
-1.73727128
-1.70925825
-1.67664666
-1.63475572
-1.59948758
-1.56542103
-1.53247687
-1.49610923
-1.46101791
-1.42295835
-1.38629436
-1.35479569
-1.3167683
-1.28013417
-1.24132859
-1.21066179
-1.174414
-1.14256418
-1.10262031
-1.07294454
-1.03563749
-0.99967234
-0.9649559
-0.92634107
-0.88673193
-0.84629836
-0.80743633
-0.77002822
-0.72981116
-0.68517901
-0.65200524
-0.61064596
-0.57270103
-0.5293291
-0.49429632
-0.45728486
-0.42007126
-0.37979736
-0.34249031
-0.30788478
-0.26918749
-0.23319389
-0.19845094
-0.1554849
-0.11765804
-0.08773891
-0.05340078
-0.01918282
